%YAML:1.0
# General sensor definitions.
camera_id: left_cam

# Sensor extrinsics wrt. the body-frame.
T_BS:
  cols: 4
  rows: 4
  data: [ 0.00878408, 0.0731003, 0.99728591, 0.00002741,
         -0.99982571, 0.01707281, 0.00755503, 0.00020406,
         -0.0164742, -0.99717845, 0.07323753, -0.00007774,
          0.0, 0.0, 0.0, 1.0]

# Camera specific definitions.
rate_hz: 20
resolution: [640, 480]
camera_model: pinhole
intrinsics: [514.9911481724229, 517.8624327537202, 331.6700468478971, 247.26353114357386]
distortion_model: rattan
distortion_coefficients: [0.023211783454444728, -0.10220864108534082, -0.0003104809671972992, -0.002677389457167559]
