%YAML:1.0
# General sensor definitions.
camera_id: right_cam

# Sensor extrinsics wrt. the body-frame.
# T_BS is inferred from T_cn_cnm1 (cam1 relative to cam0).
T_BS:
  cols: 4
  rows: 4
  data: [1.0, 3.570101550954191e-09, 1.0881027516556082e-08, 1.1919813766838631e-09,
         -3.5701026302965284e-09, 0.9999999999999951, 9.919489251822492e-08, 1.1963505422866337e-09,
         -1.088102716242019e-08, -9.919489255707131e-08, 0.9999999999999951, -1.891070021681244e-08,
         0.0, 0.0, 0.0, 1.0]

# Camera specific definitions.
rate_hz: 20
resolution: [640, 480]
camera_model: pinhole
intrinsics: [514.7884896607877, 517.5052412429961, 333.7496789794804, 247.79864061161433]
distortion_model: radial-tangential
distortion_coefficients: [0.029326329427327814, -0.13010208293057354, -5.133258641207773e-05, -0.0006769277653768726]